43 11
43 12
43 23
43 1
43 17
43 14
43 42
11 30
11 33
11 2
11 23
11 4
11 22
11 21
11 33
30 19
30 31
30 21
19 2
19 43
19 31
19 7
19 27
2 44
2 26
2 38
44 6
6 48
48 39
48 1
48 19
48 26
48 6
48 7
48 22
48 5
39 14
39 34
39 8
14 42
14 19
14 8
14 16
14 43
14 3
42 31
42 40
42 29
42 0
42 27
31 8
31 8
31 43
31 6
31 44
31 40
31 43
8 47
8 46
8 17
8 24
8 35
8 22
47 17
47 9
47 42
47 49
47 33
17 4
17 8
17 12
17 27
17 19
4 28
4 8
4 11
4 41
28 5
28 18
28 26
28 33
5 29
5 26
5 24
5 7
5 29
5 22
29 21
29 39
29 41
29 9
29 10
29 7
21 18
21 18
21 33
21 8
18 34
18 28
18 46
18 14
18 47
18 29
34 23
34 9
34 4
34 4
34 2
34 44
34 36
34 15
34 12
34 25
34 7
23 24
23 41
23 22
23 44
23 35
23 24
24 26
24 27
24 9
24 21
26 0
26 23
26 43
26 14
26 20
26 40
0 22
0 49
0 5
0 29
0 2
22 37
22 37
22 0
22 7
37 3
37 43
37 15
37 38
37 36
37 49
3 33
3 21
3 6
3 25
33 45
33 39
33 29
33 42
45 20
45 6
45 17
45 24
45 6
45 41
20 36
20 33
20 38
20 36
20 10
36 32
36 22
36 34
36 41
36 29
36 2
32 9
32 1
32 8
32 15
32 23
9 7
9 25
9 6
7 41
7 20
7 14
7 28
7 38
41 15
41 27
41 26
41 8
41 38
41 5
41 33
41 48
15 27
15 35
15 3
15 49
15 31
15 45
15 9
15 28
27 40
27 1
27 23
27 32
40 49
40 33
40 11
40 37
40 45
40 11
40 32
40 39
49 35
49 29
49 35
49 31
49 7
49 30
49 20
35 38
35 40
35 1
38 13
38 18
38 22
13 10
13 19
13 36
13 36
13 18
13 46
10 1
10 4
1 25
1 37
1 25
1 24
25 12
25 38
25 30
25 31
12 46
12 29
46 16
46 25
46 33
46 17
46 34
16 32
16 39
16 41
16 44